000000000000001000000000000000010000
000000000000000000000000000000100101
000000000000001100000000000000010000
000000000000000100000000000000100101
000000000000000000000000000000010000
000000000000001000000000000000100101
000000000000001000000000000000011000
000000000000000000000000000000010000
000000000000011000000000000000010010
000000000000000000000000000000000000
000000000000000100000000000000111000
000000000000000000000000000110010000
000000000001010100000000000000010010
000000000000000000000000000000000000
000000000000001000000000000000111000
000000000000000000000000000010111000
000000000000000000000000000000000000
000000000000000000000000000000000000
000000000000001000000000000010110001
000000000000000100000000000000111000
000000000000000100000000000110011000
000000000000000100000000000010110001
000000000000000000000000000110010000
000000000000101000000000000000010010
000000000000000000000000000000000000
000000000001011100000000000000010010
000000000000000000000000000000000000
